[[   0.037534    -0.64653]
 [     0.1448    -0.75375]
 [  -0.070983    -0.74768]
 [    0.28941    -0.67033]
 [    -0.2145    -0.66303]
 [    0.49959    0.020161]
 [   -0.49959   -0.020161]
 [    0.94228       0.649]
 [   -0.98467     0.61259]
 [     1.5227      1.0946]
 [    -1.4253        1.08]
 [    0.24782      1.6611]
 [   -0.39628      1.6405]
 [     0.2739      2.9872]
 [   -0.42489       2.928]
 [    0.19088      4.1491]
 [   -0.54681      4.0592]]
[[   0.083051    -0.52605]
 [    0.18867    -0.61326]
 [  -0.030718    -0.61212]
 [    0.32073    -0.50819]
 [   -0.21254    -0.51233]
 [    0.49992   0.0089916]
 [   -0.49992  -0.0089916]
 [     1.2478    -0.10801]
 [    -1.2677  -0.0033234]
 [     1.7781    -0.58879]
 [    -1.6279    -0.47543]
 [    0.28318      1.6783]
 [   -0.38892      1.6482]
 [    0.43994      2.9926]
 [   -0.58337      2.8924]
 [    0.68178      4.1769]
 [   -0.88225      4.0046]]
[[   0.038536     -0.4851]
 [     0.1482    -0.58935]
 [  -0.069335    -0.60166]
 [    0.30616    -0.46692]
 [    -0.2529    -0.51092]
 [     0.4997    0.017368]
 [    -0.4997   -0.017368]
 [     1.0643     -0.4435]
 [    -1.1525    -0.40479]
 [    0.81393     -1.1521]
 [   -0.85443     -1.1704]
 [    0.28395      1.7715]
 [   -0.47513      1.7471]
 [    0.66251      3.1158]
 [   -0.83613      3.1021]
 [    0.99934      4.1678]
 [     -1.327      4.1743]]
[[   0.090478    -0.62178]
 [    0.20081    -0.70991]
 [  -0.015923    -0.71378]
 [    0.32815    -0.56554]
 [   -0.18896    -0.58256]
 [    0.49937    0.025078]
 [   -0.49937   -0.025078]
 [      1.181    -0.28774]
 [    -1.2283    -0.34179]
 [     1.4875     -1.0011]
 [    -1.2699     -1.1612]
 [    0.31723       1.753]
 [   -0.41436      1.7169]
 [    0.54754      3.1205]
 [   -0.77738      3.0282]
 [    0.97004        4.32]
 [     -1.146      4.1461]]
[[   0.079008    -0.67187]
 [    0.18451    -0.77071]
 [  -0.021636    -0.77642]
 [    0.30738    -0.66179]
 [    -0.1984    -0.69307]
 [    0.49998   0.0048969]
 [   -0.49998  -0.0048966]
 [     1.1017     0.60314]
 [    -1.0414     0.57504]
 [     1.5749      1.0846]
 [    -1.6409      1.0029]
 [    0.25769      1.6279]
 [    -0.3751      1.6174]
 [    0.38045      2.8214]
 [   -0.43609      2.8236]
 [    0.29894      3.9254]
 [   -0.57084      3.9359]]
[[    0.15178    -0.75152]
 [    0.24987    -0.86548]
 [   0.030925    -0.86711]
 [    0.35425    -0.75222]
 [    -0.1992    -0.76579]
 [        0.5  0.00068632]
 [       -0.5 -0.00068632]
 [    0.65369      0.7883]
 [   -0.79482     0.82417]
 [    0.82852      1.5446]
 [   -0.95458      1.6408]
 [    0.28451      1.7485]
 [   -0.34267      1.7534]
 [     0.2505      3.0836]
 [    -0.4091      3.0915]
 [    0.19554       4.205]
 [   -0.46018      4.2286]]
[[   0.066953    -0.59404]
 [    0.16716    -0.68018]
 [  -0.032254    -0.68674]
 [    0.28666    -0.58842]
 [   -0.18531    -0.61131]
 [    0.49932    0.026148]
 [   -0.49932   -0.026148]
 [     1.0668     0.40926]
 [    -1.1084      0.3925]
 [     1.8235     0.46994]
 [    -1.7553     0.51118]
 [    0.34348      1.6244]
 [   -0.32227      1.6095]
 [    0.48329       2.867]
 [   -0.47886      2.8624]
 [     0.5426      4.0757]
 [   -0.61786      4.1002]]
[[   0.085334    -0.61075]
 [    0.17751    -0.70218]
 [  -0.016431     -0.6992]
 [    0.29921    -0.55796]
 [   -0.18758    -0.56441]
 [    0.49915     0.02909]
 [   -0.49915    -0.02909]
 [     1.1597     -0.2874]
 [    -1.2081    -0.40408]
 [     1.3064     -1.0166]
 [    -1.1052     -1.1872]
 [    0.39401      1.6721]
 [   -0.33393      1.6413]
 [    0.62179      3.0174]
 [   -0.73924       2.913]
 [    0.97223        4.16]
 [     -1.129      3.9669]]
[[  0.0040793    -0.48953]
 [    0.10974    -0.60268]
 [   -0.10454    -0.60624]
 [     0.2812    -0.48864]
 [   -0.27764    -0.51345]
 [    0.49996   0.0063084]
 [   -0.49996  -0.0063084]
 [     1.1729    -0.45894]
 [    -1.1127    -0.41591]
 [    0.70027     -1.0892]
 [   -0.77649     -1.1277]
 [     0.3345      1.8079]
 [   -0.42005      1.7957]
 [    0.73641      3.0993]
 [   -0.72733      3.0973]
 [     1.0534      4.0146]
 [    -1.1812      4.0148]]
[[    0.12039    -0.52043]
 [    0.20292    -0.60268]
 [    0.01902    -0.60669]
 [    0.29434    -0.51338]
 [   -0.15823    -0.53519]
 [    0.49973    0.016461]
 [   -0.49973   -0.016461]
 [     1.1341     0.22125]
 [    -1.1645     0.14862]
 [     1.7601     0.33454]
 [    -1.7893     0.17922]
 [    0.38368      1.5324]
 [   -0.28642       1.524]
 [    0.61622      2.6836]
 [   -0.50483      2.6691]
 [    0.82251      3.8007]
 [   -0.75891      3.7705]]
[[   0.067915    -0.71113]
 [    0.18479    -0.82617]
 [  -0.045635    -0.83521]
 [     0.3295    -0.72311]
 [   -0.23039     -0.7555]
 [    0.49905     0.03084]
 [   -0.49905    -0.03084]
 [    0.55748     0.91994]
 [   -0.72968     0.80653]
 [    0.47815      1.6918]
 [   -0.77415      1.6019]
 [    0.26407       1.737]
 [   -0.36965      1.7076]
 [    0.19971       3.048]
 [   -0.40276      3.0223]
 [   0.077424      4.2255]
 [   -0.41469      4.2044]]
[[    0.14251     -0.5994]
 [    0.22831    -0.69254]
 [   0.040416    -0.70066]
 [    0.32197    -0.59528]
 [   -0.15622    -0.64171]
 [    0.49831    0.041065]
 [   -0.49831   -0.041065]
 [     1.0129     0.60151]
 [    -1.0016     0.47195]
 [     1.5731     0.94192]
 [    -1.5588      0.8918]
 [    0.32605      1.5815]
 [   -0.30417       1.549]
 [    0.37043        2.76]
 [    -0.4086      2.7229]
 [    0.26181      3.9214]
 [    -0.4607      3.8999]]
[[    0.18753    -0.56937]
 [     0.2711    -0.65258]
 [   0.072582    -0.65386]
 [    0.34334    -0.52566]
 [   -0.14643     -0.5437]
 [    0.49973    0.016492]
 [   -0.49973   -0.016492]
 [     1.2315    -0.13943]
 [    -1.2621   -0.068014]
 [     1.7753    -0.67367]
 [    -1.5599    -0.59412]
 [    0.34917      1.7333]
 [   -0.35606      1.7144]
 [    0.53363      3.0661]
 [   -0.65113      3.0254]
 [    0.79219      4.2812]
 [   -0.97047      4.2023]]
[[  -0.013231    -0.48768]
 [    0.10127    -0.61663]
 [   -0.13456    -0.61347]
 [    0.30641     -0.5194]
 [   -0.30828    -0.52417]
 [    0.49996  -0.0064115]
 [   -0.49996   0.0064115]
 [      1.075    -0.56032]
 [    -1.0505    -0.46339]
 [    0.55302     -1.2003]
 [   -0.75273     -1.0148]
 [    0.31642      1.8883]
 [   -0.46424      1.8927]
 [    0.74402      3.1887]
 [   -0.85441      3.2587]
 [     1.1687       4.152]
 [    -1.3071      4.3014]]
[[    0.20237    -0.58755]
 [    0.27907    -0.67639]
 [   0.082346    -0.67115]
 [    0.34319    -0.55086]
 [   -0.14289    -0.55394]
 [    0.49985    0.012058]
 [   -0.49985   -0.012058]
 [     1.1896    -0.24018]
 [    -1.2207    -0.20543]
 [     1.7409    -0.87023]
 [     -1.516    -0.82236]
 [     0.4128      1.7343]
 [   -0.32776       1.732]
 [    0.67705      3.0409]
 [   -0.72094      3.0475]
 [     1.0226        4.22]
 [    -1.0706      4.2126]]
[[   0.089429    -0.62332]
 [    0.18359    -0.71966]
 [  -0.013552    -0.72052]
 [    0.30639    -0.62275]
 [   -0.18593    -0.64593]
 [    0.49988    0.010929]
 [   -0.49988   -0.010929]
 [     1.0411     0.52586]
 [    -1.0102      0.5152]
 [     1.5895     0.96127]
 [    -1.5808     0.95232]
 [    0.38461      1.5741]
 [   -0.26863      1.5675]
 [    0.51116      2.7152]
 [   -0.40504      2.7074]
 [    0.57967      3.7965]
 [   -0.58885      3.7862]]
[[    0.15192    -0.76326]
 [    0.26238    -0.88214]
 [    0.03677    -0.88914]
 [    0.38675     -0.7639]
 [   -0.18282    -0.80787]
 [    0.49976      0.0155]
 [   -0.49976   -0.015499]
 [    0.73805     0.90802]
 [   -0.80607     0.90472]
 [    0.90281      1.6799]
 [   -0.89888      1.7338]
 [    0.30583      1.8295]
 [   -0.34262      1.8278]
 [    0.31483      3.1573]
 [   -0.33829      3.1736]
 [    0.11414      4.3272]
 [   -0.34163      4.3598]]
[[   0.047783    -0.52538]
 [    0.15002    -0.60598]
 [  -0.041866    -0.61408]
 [    0.29137    -0.51875]
 [    -0.1735    -0.54261]
 [    0.49988    0.011188]
 [   -0.49987   -0.011188]
 [     1.1482     0.27906]
 [    -1.1116     0.24366]
 [     1.6789     0.17524]
 [     -1.718     0.17411]
 [     0.2958      1.4926]
 [   -0.35847      1.4887]
 [    0.47983       2.639]
 [   -0.49918      2.6602]
 [    0.62088      3.7202]
 [   -0.69634      3.7766]]
[[    0.10027       -0.48]
 [    0.18885    -0.60798]
 [  -0.029677    -0.59142]
 [    0.31359      -0.513]
 [    -0.2444    -0.49595]
 [    0.49998  -0.0041839]
 [   -0.49998   0.0041839]
 [     1.1558    -0.33265]
 [    -1.2107    -0.29786]
 [     1.0576      -1.105]
 [   -0.96091     -1.1873]
 [    0.31488      1.7231]
 [   -0.42589       1.725]
 [    0.67191      3.0434]
 [   -0.82752      3.0683]
 [     1.1329      4.1077]
 [    -1.2654      4.1525]]
[[    0.07705    -0.47121]
 [    0.16622    -0.60313]
 [  -0.048117    -0.58501]
 [     0.2954    -0.51887]
 [   -0.24004    -0.49514]
 [    0.49979   -0.014415]
 [   -0.49979    0.014416]
 [     1.1525    -0.33493]
 [     -1.262    -0.27389]
 [     1.0957     -1.1122]
 [    -1.0512     -1.1616]
 [    0.32237      1.7201]
 [   -0.41078      1.7367]
 [    0.67361       3.052]
 [   -0.79759       3.118]
 [     1.1037      4.0984]
 [    -1.2436      4.2106]]
[[   0.052116    -0.51676]
 [    0.14745    -0.60046]
 [  -0.041544    -0.60314]
 [    0.27813    -0.51132]
 [   -0.18184    -0.52324]
 [    0.49999   0.0022959]
 [   -0.49999  -0.0022959]
 [     1.2113     0.16001]
 [    -1.1245     0.16705]
 [     1.8252      0.2038]
 [    -1.8061     0.20683]
 [    0.34639      1.4734]
 [   -0.32337      1.4734]
 [    0.59846      2.6369]
 [   -0.56873      2.6427]
 [     0.8043      3.7634]
 [   -0.78515      3.7733]]
[[  0.0034526    -0.75338]
 [    0.11657    -0.85647]
 [  -0.083808    -0.85799]
 [    0.26308    -0.73621]
 [   -0.19099    -0.74222]
 [    0.49997   0.0056696]
 [   -0.49997    -0.00567]
 [      0.762     0.81333]
 [    -0.8263     0.72772]
 [    0.98284       1.626]
 [   -0.99755      1.4106]
 [    0.32073      1.5815]
 [   -0.33444      1.5872]
 [    0.36365      2.8459]
 [   -0.34237      2.8774]
 [    0.30431      3.9831]
 [   -0.40256      4.0396]]
[[    0.07333    -0.66615]
 [    0.17215    -0.76721]
 [  -0.035393    -0.76893]
 [    0.28098    -0.66702]
 [   -0.19459    -0.68237]
 [    0.49965    0.018612]
 [   -0.49965   -0.018612]
 [    0.89946     0.69774]
 [   -0.93918     0.60635]
 [     1.4194      1.3665]
 [     -1.374      1.1642]
 [    0.31287      1.5571]
 [   -0.32289      1.5462]
 [    0.31279      2.7734]
 [   -0.35573      2.7769]
 [    0.23396      3.8693]
 [   -0.48125      3.8913]]
[[    0.12135    -0.54956]
 [     0.2141    -0.62916]
 [   0.018294    -0.63117]
 [    0.32432    -0.50493]
 [   -0.15649    -0.52025]
 [        0.5   0.0021281]
 [       -0.5  -0.0021281]
 [      1.185    -0.15599]
 [    -1.2043    -0.14566]
 [     1.6649    -0.64922]
 [     -1.621    -0.67554]
 [    0.33678      1.5509]
 [   -0.34103      1.5532]
 [    0.51762      2.8105]
 [   -0.64098      2.8196]
 [    0.72307      3.9418]
 [   -0.91334      3.9432]]
[[  -0.019311    -0.45767]
 [   0.084707    -0.58352]
 [   -0.14228    -0.57543]
 [    0.28349    -0.49447]
 [   -0.31419    -0.48959]
 [    0.49999   0.0035154]
 [   -0.49999  -0.0035154]
 [     1.0761    -0.52925]
 [   -0.99948    -0.48876]
 [    0.46889      -1.182]
 [   -0.63801    -0.96755]
 [    0.30797      1.8796]
 [   -0.48488      1.8727]
 [    0.73173      3.1982]
 [    -0.9437      3.2594]
 [     1.0999      4.1763]
 [    -1.4474      4.3339]]
[[    0.21328    -0.57279]
 [    0.29367    -0.65641]
 [   0.090497    -0.65533]
 [    0.35823    -0.51568]
 [   -0.14115    -0.53206]
 [    0.49891    0.032991]
 [   -0.49891   -0.032991]
 [     1.2037    -0.22518]
 [    -1.2174    -0.27446]
 [     1.7608    -0.92228]
 [    -1.2777     -1.0074]
 [     0.3425       1.783]
 [   -0.40307       1.754]
 [    0.62224      3.1778]
 [   -0.81569      3.1228]
 [    0.96206      4.3795]
 [    -1.2287       4.283]]
[[    0.10102    -0.64147]
 [    0.20104    -0.72288]
 [   0.011107    -0.73349]
 [    0.32782    -0.60209]
 [   -0.14949    -0.64782]
 [    0.49906    0.030588]
 [   -0.49906   -0.030588]
 [     1.0333     0.54305]
 [    -1.0148     0.47555]
 [     1.5816     0.90949]
 [    -1.5657     0.87697]
 [    0.29341      1.5518]
 [    -0.3562      1.5194]
 [    0.37933      2.6594]
 [   -0.50143      2.6021]
 [    0.39531      3.7312]
 [    -0.6699      3.6569]]
[[   0.038852    -0.77562]
 [    0.15551    -0.89272]
 [  -0.070638    -0.89693]
 [    0.32759    -0.78098]
 [   -0.25635    -0.79504]
 [    0.49986    0.011762]
 [   -0.49986   -0.011762]
 [    0.54597     0.90601]
 [   -0.74078     0.86402]
 [    0.43515       1.718]
 [    -0.8223      1.7281]
 [    0.21362      1.7954]
 [   -0.42481       1.775]
 [    0.12208      3.1276]
 [   -0.49152      3.1071]
 [   0.029715      4.2686]
 [   -0.52573       4.254]]
[[   0.052574     -0.6023]
 [     0.1572    -0.67609]
 [  -0.029633    -0.69154]
 [    0.28972    -0.56554]
 [    -0.1506    -0.61012]
 [    0.49907    0.030505]
 [   -0.49907   -0.030505]
 [     1.0467     0.47034]
 [    -1.0737     0.35151]
 [     1.7065        0.58]
 [    -1.7488     0.52326]
 [    0.30644      1.5167]
 [   -0.33945      1.4981]
 [    0.40661      2.6493]
 [   -0.47352      2.6501]
 [    0.43754      3.7233]
 [   -0.63653      3.7651]]
[[   0.089302    -0.55367]
 [    0.17957    -0.66364]
 [  -0.023352    -0.65527]
 [    0.29874    -0.54458]
 [   -0.20298    -0.53569]
 [    0.49999   0.0025958]
 [   -0.49999  -0.0025958]
 [     1.1168    -0.31161]
 [    -1.2174    -0.30452]
 [     1.0785     -1.1421]
 [     -0.985      -1.202]
 [    0.27417      1.7666]
 [   -0.48068      1.7491]
 [      0.667        3.07]
 [   -0.84151      3.0575]
 [       1.06      4.0748]
 [    -1.2097      4.0598]]
[[   0.092151    -0.61997]
 [     0.1857    -0.71288]
 [  -0.016783    -0.70332]
 [    0.31027    -0.57036]
 [   -0.19108     -0.5603]
 [    0.49985    0.012421]
 [   -0.49985   -0.012421]
 [     1.1829    -0.24162]
 [    -1.2312    -0.35448]
 [     1.2889    -0.91725]
 [    -1.1759      -1.106]
 [    0.36898      1.6728]
 [   -0.34393       1.669]
 [    0.57257      2.9944]
 [   -0.68914       2.982]
 [    0.94149        4.12]
 [    -1.0592       4.081]]
[[    0.07883    -0.55224]
 [    0.18031    -0.63344]
 [  -0.013194    -0.64921]
 [    0.29866    -0.54009]
 [   -0.15918    -0.58586]
 [    0.49973    0.016514]
 [   -0.49973   -0.016514]
 [     1.0996     0.33393]
 [    -1.0899     0.27265]
 [     1.7746     0.52427]
 [    -1.7235      0.3877]
 [    0.33472      1.5603]
 [   -0.32218      1.5591]
 [     0.5085      2.7125]
 [   -0.48734      2.7502]
 [     0.6208      3.8388]
 [   -0.69132      3.9104]]
[[   0.017413    -0.72138]
 [    0.13597    -0.83405]
 [  -0.088004    -0.84134]
 [    0.29267    -0.72925]
 [   -0.24966    -0.75332]
 [    0.49946    0.023334]
 [   -0.49946   -0.023333]
 [    0.71951     0.87837]
 [   -0.83436     0.78375]
 [    0.82614      1.7013]
 [     -1.049      1.5973]
 [    0.26061      1.7661]
 [   -0.36103      1.7426]
 [    0.22508      3.0894]
 [   -0.40073      3.0693]
 [    0.16243      4.2578]
 [   -0.40932       4.239]]
[[    0.14464    -0.70186]
 [     0.2314    -0.79893]
 [   0.040343    -0.80695]
 [    0.29602    -0.67883]
 [   -0.14185    -0.71198]
 [    0.49948    0.022862]
 [   -0.49948   -0.022862]
 [    0.97931     0.64728]
 [   -0.98928     0.56978]
 [     1.4245      1.1524]
 [    -1.4256      1.0982]
 [    0.32304      1.5766]
 [   -0.31842      1.5656]
 [     0.3694      2.8103]
 [   -0.40756      2.8271]
 [    0.31023      3.9609]
 [    -0.5588      4.0184]]
[[    0.18165    -0.57453]
 [    0.26685    -0.65417]
 [   0.066986    -0.65601]
 [    0.33453    -0.51701]
 [   -0.15061    -0.53468]
 [    0.49989      0.0103]
 [   -0.49989     -0.0103]
 [     1.2543    -0.11194]
 [    -1.2707   -0.096332]
 [     1.7065    -0.52149]
 [    -1.4313    -0.58283]
 [    0.37688      1.6424]
 [   -0.31678       1.643]
 [    0.50314      2.9149]
 [   -0.58012      2.9546]
 [    0.78706      4.0376]
 [   -0.83564      4.0942]]
[[    0.08929    -0.49187]
 [    0.18885    -0.61617]
 [  -0.037707    -0.61268]
 [    0.33092      -0.506]
 [   -0.24818    -0.52085]
 [        0.5  -0.0013457]
 [       -0.5   0.0013457]
 [     1.1925    -0.46827]
 [    -1.1457    -0.47084]
 [    0.84474     -1.1598]
 [   -0.77523     -1.2585]
 [    0.36634       1.825]
 [    -0.3791       1.848]
 [    0.76829      3.1262]
 [   -0.66744      3.2595]
 [     1.1091       4.104]
 [    -1.1471      4.3463]]
[[    0.10026    -0.55954]
 [    0.18574    -0.64949]
 [  -0.010662    -0.65261]
 [    0.26942    -0.54883]
 [   -0.19214    -0.56816]
 [        0.5    -0.00137]
 [       -0.5     0.00137]
 [     1.1581     0.24585]
 [    -1.0676     0.27461]
 [     1.7641     0.32293]
 [    -1.7495      0.3599]
 [    0.37604      1.5214]
 [   -0.28493      1.5323]
 [    0.61949      2.7247]
 [   -0.46114      2.7776]
 [    0.73408      3.8469]
 [   -0.68584      3.9511]]
[[   0.069939    -0.66244]
 [    0.16162    -0.76413]
 [  -0.035494    -0.76457]
 [    0.26133    -0.66686]
 [   -0.19738    -0.67755]
 [    0.49994   0.0076805]
 [   -0.49994  -0.0076809]
 [    0.90938     0.66746]
 [   -0.88553     0.65344]
 [     1.2261      1.2967]
 [     -1.145      1.2765]
 [    0.34557      1.5381]
 [   -0.30209       1.535]
 [    0.39975      2.7543]
 [   -0.35055      2.7565]
 [    0.33813      3.8757]
 [    -0.4677      3.8888]]
[[   0.096946    -0.66046]
 [    0.18991    -0.77404]
 [  -0.015736     -0.7673]
 [    0.30661    -0.69653]
 [   -0.21846    -0.69094]
 [    0.49999  -0.0026795]
 [   -0.49999   0.0026795]
 [    0.76075     0.79494]
 [   -0.81705     0.80449]
 [     1.0134      1.5986]
 [   -0.85154      1.5705]
 [    0.33074      1.7118]
 [   -0.30517      1.7222]
 [    0.35199      3.0343]
 [   -0.35395      3.0519]
 [    0.33102      4.1702]
 [   -0.37886      4.1868]]
[[   0.092112    -0.45343]
 [    0.18234    -0.52759]
 [ -0.0045926    -0.53783]
 [     0.2884    -0.43975]
 [   -0.16379    -0.47393]
 [    0.49964    0.018835]
 [   -0.49965   -0.018835]
 [      1.183    0.097541]
 [    -1.1265    0.023043]
 [     1.7181    -0.20128]
 [    -1.6557    -0.23978]
 [    0.36399       1.517]
 [   -0.28769      1.5181]
 [    0.54051      2.7144]
 [    -0.4338      2.7751]
 [    0.67689      3.7585]
 [   -0.59476      3.8959]]
[[     0.1375    -0.58482]
 [     0.2227    -0.70442]
 [  0.0042557    -0.67411]
 [    0.34714    -0.60742]
 [   -0.19424    -0.54773]
 [    0.49991  -0.0096314]
 [   -0.49991   0.0096317]
 [     1.0427    -0.51415]
 [    -1.1079    -0.63169]
 [    0.88306     -1.3542]
 [   -0.55286     -1.3773]
 [    0.36352       1.858]
 [   -0.40235      1.9071]
 [    0.64374      3.2555]
 [   -0.75379      3.4325]
 [     1.0867      4.4488]
 [    -1.1624      4.7361]]
[[   0.077785    -0.51019]
 [    0.16815    -0.59156]
 [  -0.024553    -0.58581]
 [    0.28774    -0.48637]
 [   -0.17946     -0.4776]
 [     0.4996   -0.019891]
 [    -0.4996     0.01989]
 [     1.1732    -0.19842]
 [    -1.1947     -0.1302]
 [     1.6175    -0.60964]
 [    -1.5945    -0.59299]
 [    0.37755      1.4901]
 [   -0.30426      1.5202]
 [    0.62875      2.7208]
 [   -0.53952      2.7908]
 [    0.90068      3.8186]
 [   -0.80275      3.9101]]
[[   0.076897     -0.6611]
 [    0.17524    -0.76327]
 [  -0.034576    -0.76067]
 [    0.28554    -0.66018]
 [   -0.19932    -0.66567]
 [    0.49999  -0.0026443]
 [   -0.49999   0.0026443]
 [    0.92307     0.57507]
 [    -1.0093     0.62217]
 [      1.387      0.9911]
 [    -1.4054      1.1836]
 [    0.34449      1.4743]
 [    -0.2987      1.4922]
 [    0.43836      2.6467]
 [   -0.34702      2.7002]
 [    0.40502      3.7063]
 [   -0.50432      3.8156]]
[[    0.16335    -0.77165]
 [    0.25589    -0.88544]
 [   0.039074      -0.881]
 [    -7.9551     -3.4975]
 [   -0.18794    -0.77578]
 [    0.49997   0.0057401]
 [   -0.49997  -0.0057401]
 [    0.56064     0.91868]
 [   -0.72847     0.88401]
 [    0.49762      1.7166]
 [   -0.70561      1.6608]
 [    0.33592      1.7248]
 [   -0.30206      1.7295]
 [    0.28437      3.0372]
 [   -0.29964      3.0483]
 [     0.2058      4.1951]
 [   -0.28079      4.2171]]
[[    0.11401    -0.65107]
 [    0.20317    -0.74832]
 [  0.0042075    -0.74625]
 [    0.29681    -0.63965]
 [    -0.1719    -0.65065]
 [    0.49989    0.010311]
 [   -0.49989   -0.010311]
 [    0.96408      0.5748]
 [    -1.0254     0.57133]
 [     1.5101     0.85115]
 [    -1.5094     0.98342]
 [    0.33026      1.4617]
 [   -0.30872      1.4676]
 [    0.41382      2.6447]
 [   -0.38245      2.6758]
 [    0.31678      3.6923]
 [   -0.52061      3.7717]]
[[    0.17854    -0.61864]
 [     0.2592    -0.70011]
 [   0.053262    -0.69003]
 [    0.34217    -0.53324]
 [   -0.16173    -0.52816]
 [    0.49989    0.010512]
 [   -0.49989   -0.010512]
 [     1.2037     -0.2449]
 [    -1.1459    -0.36851]
 [      1.415    -0.89468]
 [    -1.1341     -1.0278]
 [    0.38266      1.5867]
 [   -0.32305      1.6068]
 [    0.63433      2.8762]
 [   -0.60007       2.973]
 [    0.92489      3.9658]
 [   -0.94785      4.1328]]
[[    0.17871    -0.51853]
 [    0.26897    -0.63095]
 [   0.053219    -0.62897]
 [    -7.6018      -3.093]
 [   -0.17584    -0.52049]
 [    0.49983     0.01319]
 [   -0.49983    -0.01319]
 [     1.0699    -0.39551]
 [    -1.1207    -0.44082]
 [    0.99934     -1.0509]
 [   -0.79384     -1.1799]
 [    0.32751      1.7627]
 [   -0.41037      1.7741]
 [    0.72856      3.0541]
 [   -0.63906      3.1528]
 [     1.0514      4.0987]
 [    -1.0509       4.292]]
[[    0.15434    -0.65617]
 [    0.22785    -0.74599]
 [   0.043836    -0.74364]
 [    0.29145    -0.62612]
 [   -0.15085     -0.6391]
 [    0.49972     0.01674]
 [   -0.49972    -0.01674]
 [     1.0205     0.55515]
 [    -1.0277      0.5405]
 [     1.5788     0.89777]
 [     -1.459     0.95855]
 [    0.32434       1.424]
 [   -0.32954      1.4195]
 [    0.46706      2.5707]
 [   -0.45315      2.5776]
 [    0.47167      3.6437]
 [   -0.66352       3.679]]
[[     0.1986    -0.81377]
 [    0.28864    -0.92608]
 [   0.072209    -0.92308]
 [    -8.0888     -3.5158]
 [    -0.1698    -0.80802]
 [    0.49991   0.0096566]
 [   -0.49991  -0.0096569]
 [    0.55182     0.93274]
 [   -0.75564     0.89278]
 [    0.59606      1.7698]
 [   -0.79463      1.7176]
 [     0.3227      1.7171]
 [   -0.31381       1.718]
 [    0.27981      3.0006]
 [    -0.3425      3.0095]
 [    0.17538      4.1555]
 [   -0.38663      4.1774]]
[[    0.15349    -0.71934]
 [    0.24043    -0.82473]
 [   0.036621    -0.82511]
 [    0.30903    -0.70409]
 [   -0.15701    -0.72215]
 [    0.49968    0.018003]
 [   -0.49968   -0.018003]
 [    0.83422     0.70881]
 [   -0.98474     0.67295]
 [     1.3107      1.2347]
 [    -1.3835      1.2727]
 [    0.33312      1.6124]
 [   -0.30528      1.6095]
 [     0.3402      2.9234]
 [   -0.35916      2.9319]
 [    0.22091      4.0584]
 [   -0.46667      4.0925]]
[[   0.095599    -0.51661]
 [    0.18707    -0.60239]
 [  -0.011013    -0.60189]
 [    0.29649    -0.50175]
 [   -0.17535    -0.51363]
 [    0.49982    0.013269]
 [   -0.49982   -0.013269]
 [     1.1741     0.13873]
 [    -1.1891    0.052713]
 [     1.7382    -0.17613]
 [    -1.6521    -0.26159]
 [    0.35861      1.5079]
 [   -0.29212      1.5157]
 [     0.5013      2.7207]
 [   -0.48106      2.7929]
 [      0.657      3.8177]
 [   -0.71724      3.9728]]
