[[     631.96      206.65]
 [     641.98      196.64]
 [     621.83       197.2]
 [     655.49      204.43]
 [     608.43      205.11]
 [     675.12      268.91]
 [      581.8      265.15]
 [     716.46      327.64]
 [      536.5      324.24]
 [     770.67      369.26]
 [     495.35      367.89]
 [      651.6      422.17]
 [     591.45      420.24]
 [     654.04      546.01]
 [     588.78      540.48]
 [     646.29      654.52]
 [     577.39      646.12]]
[[     645.86      202.63]
 [     656.01      194.25]
 [     634.92      194.36]
 [      668.7      204.35]
 [     617.45      203.95]
 [     685.92      254.05]
 [     589.84      252.32]
 [     757.79      242.81]
 [     516.05      252.87]
 [     808.75       196.6]
 [     481.44       207.5]
 [     665.09      414.46]
 [      600.5      411.57]
 [     680.15      540.77]
 [     581.82      531.14]
 [     703.39      654.57]
 [     553.09      638.02]]
[[     650.56      247.86]
 [     660.27      238.64]
 [     641.02      237.55]
 [     674.24      249.47]
 [     624.78      245.58]
 [     691.37      292.32]
 [     602.94      289.25]
 [     741.32      251.54]
 [     545.17      254.97]
 [     719.17      188.85]
 [     571.55      187.22]
 [     672.28      447.54]
 [     605.11      445.38]
 [     705.78      566.49]
 [     573.17      565.27]
 [     735.58      659.57]
 [     529.74      660.15]]
[[     656.61      218.88]
 [     666.62      210.89]
 [     646.95      210.53]
 [     678.18      223.99]
 [     631.25      222.44]
 [     693.72      277.59]
 [     603.07      273.04]
 [     755.59       249.2]
 [     536.91       244.3]
 [     783.41      184.45]
 [     533.14      169.92]
 [     677.19      434.43]
 [     610.79      431.15]
 [     698.09      558.54]
 [     577.84      550.17]
 [     736.44      667.41]
 [     544.38      651.64]]
[[     656.05      202.26]
 [     666.09      192.87]
 [     646.48      192.32]
 [     677.77      203.22]
 [     629.67      200.25]
 [     696.09      266.63]
 [     600.99      265.69]
 [     753.31      323.52]
 [      549.5      320.85]
 [     798.31       369.3]
 [     492.49      361.53]
 [     673.04      420.97]
 [     612.87      419.97]
 [     684.72      534.47]
 [     607.07      534.68]
 [     676.97      639.46]
 [     594.25      640.46]]
[[     665.91      239.68]
 [     674.08      230.18]
 [     655.84      230.05]
 [     682.78      239.62]
 [     636.66      238.49]
 [     694.93      302.36]
 [      611.6      302.24]
 [     707.73      367.99]
 [     587.03      370.98]
 [      722.3      431.01]
 [     573.72      439.03]
 [     676.97         448]
 [     624.71      448.41]
 [     674.14      559.26]
 [     619.17      559.91]
 [     669.56      652.69]
 [     614.92      654.66]]
[[     659.31      194.19]
 [     669.15      185.72]
 [     649.56      185.08]
 [     680.89      194.74]
 [     634.52      192.49]
 [     701.79      255.13]
 [     603.66      249.99]
 [     757.55      292.77]
 [     543.81      291.13]
 [     831.91      298.74]
 [     480.25      302.79]
 [     686.48      412.18]
 [     621.06      410.71]
 [     700.22      534.28]
 [     605.67      533.83]
 [     706.04      653.05]
 [     592.01      655.45]]
[[     664.49      226.77]
 [     673.01      218.32]
 [     655.09      218.59]
 [     684.26      231.65]
 [     639.27      231.05]
 [     702.74      285.91]
 [     610.47      280.53]
 [     763.79      256.66]
 [     544.95      245.87]
 [     777.35      189.26]
 [     554.46      173.49]
 [     693.02      437.76]
 [     625.74      434.92]
 [     714.08      562.11]
 [     588.28      552.45]
 [     746.47      667.72]
 [     552.25      649.87]]
[[     665.52      256.91]
 [     675.19      246.55]
 [     655.58      246.22]
 [     690.88      256.99]
 [     639.73      254.72]
 [     710.91       302.3]
 [     619.38      301.14]
 [     772.51      259.71]
 [      563.3      263.65]
 [     729.25      202.02]
 [     594.07      198.49]
 [     695.76      467.21]
 [     626.69      466.09]
 [     732.55      585.42]
 [     598.57      585.23]
 [     761.57      669.21]
 [     557.02      669.22]]
[[     670.08      204.33]
 [     678.56      195.88]
 [     659.67      195.47]
 [     687.96      205.06]
 [     641.45      202.82]
 [     709.06       259.5]
 [     606.37      256.12]
 [     774.24      280.54]
 [     538.06      273.08]
 [     838.57      292.18]
 [     473.86      276.22]
 [     697.14      415.27]
 [     628.28       414.4]
 [     721.03      533.55]
 [     605.84      532.06]
 [     742.23      648.33]
 [     579.73      645.23]]
[[     674.13      230.47]
 [      684.2      220.56]
 [     664.35      219.78]
 [     696.67      229.44]
 [     648.44      226.65]
 [     711.27      294.38]
 [      625.3      289.06]
 [      716.3      370.96]
 [     605.44      361.19]
 [     709.47      437.44]
 [     601.61      429.69]
 [     691.03      441.33]
 [     636.45       438.8]
 [     685.49      554.25]
 [     633.59      552.04]
 [     674.95      655.67]
 [     632.57      653.85]]
[[     682.28      205.04]
 [     690.73      195.87]
 [     672.22      195.07]
 [     699.96      205.45]
 [     652.85      200.88]
 [     717.33      268.14]
 [     619.15      260.05]
 [     768.02      323.34]
 [     569.57      310.58]
 [      823.2      356.88]
 [     514.69      351.94]
 [     700.36      419.89]
 [     638.28      416.68]
 [     704.73      535.98]
 [     627.99      532.33]
 [     694.03      650.38]
 [     622.86      648.26]]
[[     686.22      202.79]
 [     694.07      194.97]
 [     675.42      194.85]
 [     700.85      206.89]
 [     654.86       205.2]
 [     715.53       257.8]
 [     621.68       254.7]
 [     784.25      243.16]
 [      550.1      249.87]
 [     835.32      192.99]
 [     522.13      200.46]
 [      701.4      419.02]
 [     635.17      417.24]
 [     718.72      544.17]
 [     607.47      540.34]
 [        743      658.27]
 [     577.48      650.86]]
[[     676.17      258.46]
 [     685.97      247.41]
 [     665.77      247.68]
 [     703.55      255.74]
 [     650.89      255.33]
 [     720.13      299.68]
 [     634.47      300.78]
 [     769.38      252.23]
 [     587.32      260.54]
 [     724.67      197.41]
 [     612.82      213.31]
 [      704.4      461.97]
 [     637.53      462.36]
 [     741.03      573.36]
 [     604.11      579.36]
 [     777.41      655.88]
 [     565.33      668.68]]
[[     686.63      215.96]
 [     693.69      207.77]
 [     675.57      208.26]
 [      699.6      219.34]
 [     654.82      219.05]
 [     714.03      271.19]
 [     621.94      268.97]
 [     777.56      247.95]
 [     555.54      251.16]
 [     828.35      189.92]
 [     528.34      194.33]
 [     706.01      429.83]
 [     637.79      429.62]
 [     730.35      550.19]
 [     601.58       550.8]
 [     762.18       658.8]
 [     569.37      658.13]]
[[     678.42      197.47]
 [     687.61      188.06]
 [     668.36      187.97]
 [      699.6      197.52]
 [     651.53      195.26]
 [      718.5       259.4]
 [     620.88      257.26]
 [     771.35      309.68]
 [     571.05      308.63]
 [     824.89      352.19]
 [     515.33      351.32]
 [     707.24      412.03]
 [     643.46      411.38]
 [      719.6      523.45]
 [     630.14      522.69]
 [     726.29      629.03]
 [     612.19      628.02]]
[[     683.28      244.56]
 [     692.33      234.82]
 [     673.85      234.25]
 [     702.51       244.5]
 [     655.87       240.9]
 [     711.77      308.33]
 [     629.91      305.79]
 [     731.28      381.42]
 [     604.83      381.15]
 [     744.78      444.64]
 [     597.23      449.05]
 [     695.89      456.89]
 [     642.78      456.75]
 [     696.62      565.62]
 [     643.14      566.96]
 [     680.19      661.43]
 [     642.86      664.11]]
[[     682.33      192.53]
 [     692.99      184.13]
 [     672.99      183.28]
 [     707.73      193.22]
 [     659.26      190.73]
 [     729.47      248.47]
 [     625.24      246.14]
 [     797.07       276.4]
 [     561.46      272.71]
 [     852.39      265.57]
 [     498.23      265.46]
 [     708.19      402.92]
 [     639.98      402.51]
 [     727.38      522.44]
 [     625.31      524.65]
 [     742.08      635.17]
 [     604.75      641.04]]
[[     689.28      233.52]
 [     697.52      221.63]
 [     677.21      223.17]
 [     709.11      230.45]
 [     657.25      232.04]
 [     726.43      277.74]
 [      633.5      278.51]
 [     787.37      247.21]
 [     567.46      250.45]
 [     778.25      175.44]
 [     590.67      167.79]
 [     709.23      438.24]
 [     640.39      438.43]
 [      742.4      560.94]
 [     603.07      563.25]
 [     785.25      659.84]
 [     562.38      664.01]]
[[     688.87      237.78]
 [     697.02      225.71]
 [     677.42      227.37]
 [     708.83      233.42]
 [     659.87      235.59]
 [     727.53      279.55]
 [     636.11      282.19]
 [     787.22      250.24]
 [     566.41      255.82]
 [     782.02      179.16]
 [     585.69      174.64]
 [      711.3      438.17]
 [     644.25      439.69]
 [     743.42      559.97]
 [     608.88      566.01]
 [     782.75      655.67]
 [      568.1      665.92]]
[[     683.85       196.2]
 [     693.99       187.3]
 [      673.9      187.02]
 [     707.88      196.78]
 [     658.99      195.51]
 [     731.46      251.36]
 [     625.17      250.88]
 [     807.06      268.13]
 [      558.8      268.88]
 [     872.31      272.78]
 [     486.35       273.1]
 [     715.13      407.72]
 [     643.95      407.72]
 [     741.92      531.39]
 [     617.87         532]
 [      763.8      651.12]
 [     594.87      652.16]]
[[     677.76      205.06]
 [     688.34      195.42]
 [      669.6      195.28]
 [     702.05      206.67]
 [     659.58      206.11]
 [     724.21      276.06]
 [     630.68         275]
 [     748.71       351.6]
 [     600.15       343.6]
 [     769.37      427.62]
 [     584.14      407.47]
 [     707.44      423.46]
 [     646.16      423.98]
 [     711.45      541.71]
 [     645.42      544.67]
 [      705.9      648.08]
 [     639.79      653.37]]
[[     687.46      215.74]
 [     697.08       205.9]
 [     676.88      205.73]
 [     707.68      215.65]
 [     661.38      214.16]
 [     728.96       282.4]
 [     631.69      278.77]
 [     767.88       348.5]
 [      588.9      339.61]
 [      818.5       413.6]
 [     546.57      393.91]
 [     710.78      432.16]
 [     648.89       431.1]
 [     710.77      550.55]
 [      645.7       550.9]
 [      703.1      657.23]
 [     633.48      659.38]]
[[      690.5      197.24]
 [     700.18      188.93]
 [     679.74      188.72]
 [     711.69       201.9]
 [     661.49       200.3]
 [     730.03      254.83]
 [     625.63      254.39]
 [     801.54      238.33]
 [      552.1       239.4]
 [     851.64      186.83]
 [      508.6      184.09]
 [     712.99      416.52]
 [     642.23      416.76]
 [     731.87      548.02]
 [     610.91      548.97]
 [     753.32      666.13]
 [     582.48      666.27]]
[[     680.57      252.62]
 [     690.02      241.18]
 [     669.39      241.92]
 [     708.08      249.27]
 [     653.77      249.72]
 [     727.76      294.53]
 [     636.88      293.89]
 [     780.12      246.11]
 [     591.49      249.79]
 [     724.93      186.79]
 [     624.34      206.28]
 [     710.31      465.04]
 [     638.25      464.41]
 [     748.82      584.87]
 [     596.55      590.44]
 [     782.29      673.77]
 [     550.78      688.09]]
[[     685.84      209.16]
 [     693.39      201.31]
 [     674.32      201.41]
 [     699.45      214.52]
 [     652.57      212.98]
 [     712.66      266.03]
 [     618.98      259.84]
 [     778.82      241.79]
 [     551.54      237.17]
 [     831.12      176.35]
 [     545.88      168.36]
 [     697.97      430.32]
 [     627.98      427.59]
 [     724.23      561.25]
 [     589.25      556.09]
 [     756.14      674.07]
 [     550.47      665.01]]
[[     673.72       189.7]
 [     683.99      181.34]
 [     664.49      180.26]
 [     697.01      193.74]
 [     648.01      189.05]
 [     714.59       258.7]
 [     612.12      252.42]
 [     769.44      311.31]
 [     559.17      304.38]
 [     825.73      348.93]
 [     502.61      345.59]
 [     693.48      414.87]
 [     626.78      411.55]
 [      702.3      528.58]
 [     611.87       522.7]
 [     703.94      638.63]
 [     594.58         631]]
[[     667.17      236.85]
 [     677.07      226.92]
 [     657.89      226.57]
 [     691.66       236.4]
 [     642.14      235.21]
 [     706.26      303.62]
 [     621.49      301.62]
 [     710.17      379.45]
 [     601.06      375.89]
 [     700.78       448.3]
 [     594.15      449.16]
 [     681.99      454.86]
 [     627.86      453.13]
 [     674.23      567.83]
 [      622.2      566.08]
 [      666.4      664.58]
 [      619.3      663.34]]
[[      665.4      184.57]
 [     676.52      176.73]
 [     656.67      175.09]
 [      690.6      188.48]
 [     643.82      183.74]
 [     712.84      251.79]
 [      606.8      245.31]
 [     771.01      298.52]
 [     545.76      285.89]
 [      841.1      310.17]
 [     474.04      304.14]
 [     692.37      409.67]
 [     623.76       407.7]
 [     703.01      529.98]
 [     609.52      530.07]
 [      706.3      644.08]
 [      592.2      648.52]]
[[     669.19      239.99]
 [      677.5      229.86]
 [     658.81      230.63]
 [     688.48      240.82]
 [     642.27      241.64]
 [     707.01      291.21]
 [     614.92      290.74]
 [     763.81      262.28]
 [     548.85      262.93]
 [     760.29      185.79]
 [     570.26      180.28]
 [     686.21      453.66]
 [      616.7      452.05]
 [     722.39       573.7]
 [     583.47      572.54]
 [     758.58      666.23]
 [     549.56      664.84]]
[[     669.92      216.79]
 [     678.89      207.88]
 [     659.47       208.8]
 [     690.84      221.55]
 [     642.75      222.52]
 [     709.02      277.45]
 [     613.14      275.06]
 [     774.53      253.08]
 [     542.99      242.26]
 [      784.7      188.28]
 [      548.3      170.18]
 [     696.47      436.69]
 [     628.09      436.33]
 [     715.99      563.45]
 [     594.98      562.25]
 [     751.38       671.4]
 [     559.49      667.66]]
[[     668.52      191.69]
 [     679.02      183.29]
 [     658.99      181.66]
 [     691.27      192.95]
 [     643.88      188.21]
 [     712.08      250.56]
 [     608.64      247.14]
 [     774.17      283.41]
 [     547.55      277.07]
 [     844.04      303.11]
 [     481.97      288.98]
 [        695      410.35]
 [     627.01      410.22]
 [     712.99       529.6]
 [     609.92      533.51]
 [     724.61      646.18]
 [     588.81      653.59]]
[[     669.15      222.65]
 [     679.47      212.85]
 [     659.97      212.21]
 [     693.11      221.97]
 [      645.9      219.87]
 [     711.11      287.48]
 [     624.16      283.42]
 [     730.27      361.91]
 [        595      353.67]
 [     739.55      433.54]
 [     576.31      424.49]
 [     690.32      439.19]
 [     636.21      437.14]
 [     687.23      554.38]
 [     632.75      552.62]
 [     681.77      656.08]
 [        632      654.44]]
[[     681.14      202.49]
 [     689.27       193.4]
 [     671.37      192.65]
 [     695.32      204.65]
 [      654.3      201.54]
 [     714.38      270.38]
 [      620.8       266.1]
 [     759.33      328.88]
 [     574.91      321.62]
 [     801.04       376.2]
 [     534.04      371.12]
 [     697.85      415.94]
 [     637.76       414.9]
 [      702.2      531.52]
 [     629.41      533.09]
 [     696.65       639.3]
 [     615.24      644.69]]
[[     687.08      202.04]
 [     695.38      194.28]
 [     675.91       194.1]
 [     701.97      207.64]
 [     654.71      205.92]
 [     718.08      259.01]
 [     620.69         257]
 [     791.57       247.1]
 [     545.61      248.62]
 [     835.62      207.21]
 [     529.96      201.23]
 [      706.1         418]
 [     638.53      418.05]
 [      718.4      541.95]
 [     612.87      545.82]
 [     746.05      651.32]
 [     587.98      656.83]]
[[     686.87       255.2]
 [     695.64      244.25]
 [     675.68      244.55]
 [     708.16      253.95]
 [     657.14      252.64]
 [     723.05      298.41]
 [     634.95      298.65]
 [     784.07      257.28]
 [     578.06      257.05]
 [     753.43      196.35]
 [      610.7      187.66]
 [     711.28      459.32]
 [      645.6      461.34]
 [     746.69      573.95]
 [      620.2       585.7]
 [     776.72       660.1]
 [     577.94      681.45]]
[[     690.18       197.8]
 [     698.85      188.68]
 [     678.93      188.37]
 [     707.33      198.89]
 [     660.53      196.93]
 [     730.71      254.39]
 [     629.32      254.67]
 [     797.43      279.46]
 [     571.77      282.37]
 [     858.87      287.27]
 [     502.64      291.02]
 [     718.14      408.78]
 [     651.13      409.89]
 [     742.82      530.78]
 [     633.26      536.14]
 [     754.44      644.55]
 [     610.48      655.12]]
[[     689.43      211.91]
 [      698.3      202.08]
 [     679.24      202.04]
 [     707.94      211.49]
 [     663.59      210.45]
 [     731.01       276.7]
 [     634.34      275.22]
 [     770.59      340.49]
 [     597.06      339.13]
 [     801.21      401.33]
 [     571.98      399.37]
 [     716.08      424.66]
 [     653.47      424.36]
 [     721.32      542.24]
 [     648.78      542.46]
 [     715.36      650.66]
 [     637.45      651.93]]
[[     693.76         238]
 [     702.06      227.87]
 [     683.71      228.47]
 [     712.46      234.78]
 [     665.63      235.28]
 [     729.71      296.68]
 [     640.52      297.15]
 [     752.97      367.82]
 [     612.23      368.67]
 [     775.51      439.51]
 [     609.16         437]
 [     714.62       449.6]
 [     657.89      450.53]
 [     716.51      567.58]
 [     653.54      569.14]
 [     714.64       668.9]
 [     651.32      670.38]]
[[     698.53      192.21]
 [     708.14      184.31]
 [     688.23      183.22]
 [     719.44      193.67]
 [     671.28      190.03]
 [     741.94      242.51]
 [     635.51       238.5]
 [     814.72      250.89]
 [     568.74      242.96]
 [     871.71      219.07]
 [     512.38      214.97]
 [     727.49      402.07]
 [     658.08      402.19]
 [     746.29      529.61]
 [     642.52      536.07]
 [     760.81       640.8]
 [     625.38      655.43]]
[[     702.92      231.25]
 [     710.11      221.15]
 [     691.67      223.71]
 [     720.61      229.34]
 [     674.91      234.38]
 [     733.51       279.8]
 [     649.11      281.43]
 [     779.33      237.21]
 [     597.78      227.29]
 [     765.85       166.3]
 [     644.64      164.35]
 [        722      437.46]
 [     657.34      441.61]
 [     745.65      555.43]
 [     627.68      570.38]
 [     783.04      656.17]
 [     593.18      680.43]]
[[     700.11      209.81]
 [     709.71      201.17]
 [     689.24      201.78]
 [      722.4      212.34]
 [      672.8      213.27]
 [      744.9      261.87]
 [      638.8      266.09]
 [     816.42      242.91]
 [        565      250.15]
 [      863.6      199.25]
 [     522.54      201.01]
 [     731.94       422.2]
 [     659.54       425.4]
 [     758.61      552.88]
 [     634.56      560.31]
 [     787.49      669.45]
 [     606.61      679.16]]
[[     705.12      200.38]
 [     714.91      190.21]
 [     694.02      190.46]
 [     725.89      200.47]
 [     677.61      199.92]
 [     747.25      265.94]
 [     647.67      266.47]
 [     789.37      323.47]
 [     596.96      328.16]
 [     835.57       364.9]
 [     557.51      384.07]
 [     731.76      413.01]
 [     667.72      414.79]
 [     741.11      529.75]
 [     662.91      535.08]
 [     737.79      635.26]
 [     647.24      646.14]]
[[     712.86      239.35]
 [     720.99      229.36]
 [     701.95      229.75]
 [          0           0]
 [     682.01      238.99]
 [     742.42      307.62]
 [     654.62      306.61]
 [     747.75      387.78]
 [     634.55      384.73]
 [     742.21      457.84]
 [     636.56      452.94]
 [     728.01      458.56]
 [     671.99      458.98]
 [     723.49       573.8]
 [     672.21      574.78]
 [     716.59      675.47]
 [     673.86       677.4]]
[[     714.76       199.3]
 [     723.99      189.24]
 [      703.4      189.46]
 [     733.67      200.49]
 [     685.18      199.35]
 [     754.68      267.73]
 [     651.25       265.6]
 [     802.71      326.13]
 [     596.88      325.77]
 [     859.19      354.72]
 [     546.81       368.4]
 [     737.13      417.89]
 [     671.03       418.5]
 [     745.78      540.27]
 [      663.4      543.49]
 [     735.74      648.66]
 [      649.1      656.88]]
[[     718.49      210.44]
 [     726.53      202.33]
 [     706.01      203.33]
 [     734.79      218.95]
 [     684.59      219.46]
 [     750.51      273.13]
 [      650.9      271.03]
 [     820.63      247.68]
 [     586.53      235.36]
 [     841.67      182.94]
 [     587.71      169.68]
 [     738.83      430.16]
 [     668.51      432.16]
 [      763.9      558.64]
 [     640.92      568.29]
 [     792.85       667.2]
 [     606.26      683.83]]
[[      719.6      238.11]
 [     727.95      227.71]
 [        708      227.89]
 [          0           0]
 [     686.81      237.93]
 [      749.3      287.28]
 [     656.85      284.84]
 [     802.02      249.48]
 [     599.42      245.29]
 [      795.5      188.87]
 [     629.65      176.94]
 [     733.37       449.1]
 [     665.12      450.15]
 [     770.46      568.53]
 [     643.97      577.66]
 [     800.32      665.14]
 [     605.88      683.03]]
[[     718.58      188.71]
 [     726.53         179]
 [     706.62      179.26]
 [      733.4      191.96]
 [     685.57      190.56]
 [     755.93      261.49]
 [     647.84      257.87]
 [     812.25      319.72]
 [     590.73      318.14]
 [     872.63      356.77]
 [     544.09      363.35]
 [     736.96      413.69]
 [     666.24      413.19]
 [      752.4      537.71]
 [     652.87      538.45]
 [     752.89      653.75]
 [     630.12      657.57]]
[[     719.11      234.46]
 [     726.92      224.71]
 [     708.14      224.97]
 [          0           0]
 [     687.14      234.96]
 [     745.26      305.91]
 [      658.5      304.23]
 [     749.76      386.01]
 [     636.31      382.54]
 [      753.6      458.64]
 [     632.93      454.11]
 [     729.88      454.07]
 [     674.65      454.14]
 [     726.16      565.44]
 [     672.16      566.21]
 [      717.1      665.66]
 [     668.33      667.55]]
[[     714.14      208.76]
 [     722.42      198.72]
 [        703      198.68]
 [     728.96      210.21]
 [     684.56      208.49]
 [     747.12         279]
 [     651.91      275.57]
 [     778.99      344.82]
 [      605.7       341.4]
 [     824.38      394.92]
 [     567.71      398.54]
 [     731.25      430.91]
 [     670.43      430.63]
 [     731.93       555.8]
 [      665.3      556.61]
 [     720.56      663.93]
 [     655.06      667.17]]
[[     704.32      194.76]
 [     713.87       185.8]
 [     693.19      185.85]
 [     725.29      196.31]
 [     676.03      195.07]
 [     746.52      250.07]
 [     642.16       247.3]
 [     816.91      263.17]
 [     570.21      254.19]
 [      875.8       230.3]
 [     521.87      221.38]
 [     731.78       406.1]
 [     663.84      406.92]
 [     746.67      532.71]
 [     644.12      540.25]
 [     762.93      647.23]
 [     619.46      663.43]]
